0051
0056
0058
0059
0071
0078
0085
0098
0104
0120
0122
0135
0147
0148
0150
0166
0183
0202
0237
0239
0244
0249
0251
0252
0269
0277
0283
0286
0288
0295
0307
0321
0333
0341
0345
0346
0348
0358
0362
0365
0376
0386
0413
0429
0495
0540
0545
0550
0560
0578
0591
0593
0599
0600
0602
0603
0612
0618
0620
0638
0642
0648
0676
0677
0680
0682
0699
0701
0703
0713
0731
0739
0740
0749
0756
0778
0780
0782
0785
0792
0793
0798
0799
0820
0822
0823
0842
0844
0846
0850
0851
0852
0864
0874
0878
0879
0883
0907
0913
0924
0926
0933
0943
0950
0951
0953
0976
0977
1003
1010
1033
1041
1055
1058
1063
1072
1074
1100
1102
1104
1106
1123
1127
1128
1142
1170
1181
1211
1214
1233
1238
1262
1268
1292
1302
1345
1347
1361
1364
1374
1378
1379
1388
1401
1404
1408
1414
1416
1425
1427
1428
1433
1446
1472
1488
1490
1500
1504
1522
1538
1545
1581
1585
1588
1593
1608
1617
1621
1670
1683
1698
1712
1714
1775
1816
1835
1845
1851
1876
1878
1880
1897
1924
1932
1967
1999
2027
2047
2053
2060
2062
2086
2104
2113
2134
2170
2173
2180
2210
2224
2226
2236
2259
2270
2296
2307
2314
2323
2338
2341
2344
2349
2398
2405
2423
2424
2447
2459
2484
2493
2496
2513
2514
2527
2528
2538
2566
2597
2612
2639
2645
2666
2678
2682
2708
2729
2744
2754
2758
2770
2785
2802
2832
2836
2855
2860
2873
2879
2899
2901
2933
2970
2984
2990
2993
3002
3003
3024
3044
3047
3066
3070
3075
3092
3093
3109
3114
3145
3161
3169
3182
3184
3200
3222
3239
3243
3251
3254
3280
3284
3309
3313
3357
3363
3388
3392
3414
3417
3418
3425
3430
3432
3457
3468
3501
3506
3516
3527
3554
3566
3598